<?xml version="1.0"?>
<opencv_storage>
<D1 type_id="opencv-matrix">
  <rows>1</rows>
  <cols>5</cols>
  <dt>d</dt>
  <data>
    2.2256927349503453e-01 -5.7933715744367997e-01 0. 0.
    -1.4438309254416088e+00</data></D1>
</opencv_storage>
