<?xml version="1.0"?>
<opencv_storage>
<D1 type_id="opencv-matrix">
  <rows>1</rows>
  <cols>5</cols>
  <dt>d</dt>
  <data>
    2.2257019465120609e-01 -5.7934696276299369e-01 0. 0.
    -1.4438026765719663e+00</data></D1>
</opencv_storage>
