<?xml version="1.0"?>
<opencv_storage>
<D1 type_id="opencv-matrix">
  <rows>1</rows>
  <cols>5</cols>
  <dt>d</dt>
  <data>
    -2.4952916552093909e-01 5.2794682344595421e+00 0. 0.
    -1.7550302355644472e+01</data></D1>
</opencv_storage>
