<?xml version="1.0"?>
<opencv_storage>
<D2 type_id="opencv-matrix">
  <rows>1</rows>
  <cols>5</cols>
  <dt>d</dt>
  <data>
    1.0743350002169425e+00 -7.6042379046699820e+00 0. 0.
    9.9836109286396830e+00</data></D2>
</opencv_storage>
