<?xml version="1.0"?>
<opencv_storage>
<D2 type_id="opencv-matrix">
  <rows>1</rows>
  <cols>5</cols>
  <dt>d</dt>
  <data>
    1.0743334241055591e+00 -7.6042096498251688e+00 0. 0.
    9.9834692063161175e+00</data></D2>
</opencv_storage>
