<?xml version="1.0"?>
<opencv_storage>
<D2 type_id="opencv-matrix">
  <rows>1</rows>
  <cols>5</cols>
  <dt>d</dt>
  <data>
    7.2660633112752504e-01 -5.2025805547663193e+00 0. 0.
    1.1718436265134335e+01</data></D2>
</opencv_storage>
