<?xml version="1.0"?>
<opencv_storage>
<M1 type_id="opencv-matrix">
  <rows>3</rows>
  <cols>3</cols>
  <dt>d</dt>
  <data>
    7.4742318473805017e+02 0. 3.1688708453361511e+02 0.
    7.4742318473805017e+02 2.6965997462206053e+02 0. 0. 1.</data></M1>
</opencv_storage>
