<?xml version="1.0"?>
<opencv_storage>
<M1 type_id="opencv-matrix">
  <rows>3</rows>
  <cols>3</cols>
  <dt>d</dt>
  <data>
    8.5873751623865758e+02 0. 2.9249234393675403e+02 0.
    8.5873751623865758e+02 3.5224185363710137e+02 0. 0. 1.</data></M1>
</opencv_storage>
