<?xml version="1.0"?>
<opencv_storage>
<M1 type_id="opencv-matrix">
  <rows>3</rows>
  <cols>3</cols>
  <dt>d</dt>
  <data>
    8.5873744045149272e+02 0. 2.9249235678590145e+02 0.
    8.5873744045149272e+02 3.5224192564426977e+02 0. 0. 1.</data></M1>
</opencv_storage>
