<?xml version="1.0"?>
<opencv_storage>
<M2 type_id="opencv-matrix">
  <rows>3</rows>
  <cols>3</cols>
  <dt>d</dt>
  <data>
    7.4742318473805017e+02 0. 3.0223153505088391e+02 0.
    7.4742318473805017e+02 3.1204772212737367e+02 0. 0. 1.</data></M2>
</opencv_storage>
