<?xml version="1.0"?>
<opencv_storage>
<M2 type_id="opencv-matrix">
  <rows>3</rows>
  <cols>3</cols>
  <dt>d</dt>
  <data>
    8.5873751623865758e+02 0. 2.8996546365275447e+02 0.
    8.5873751623865758e+02 2.0816641253673262e+02 0. 0. 1.</data></M2>
</opencv_storage>
