<?xml version="1.0"?>
<opencv_storage>
<P1 type_id="opencv-matrix">
  <rows>3</rows>
  <cols>4</cols>
  <dt>d</dt>
  <data>
    8.5873751623865758e+02 0. 7.8082678413391113e+02 0. 0.
    8.5873751623865758e+02 2.9679279518127441e+02 0. 0. 0. 1. 0.</data></P1>
</opencv_storage>
