<?xml version="1.0"?>
<opencv_storage>
<P2 type_id="opencv-matrix">
  <rows>3</rows>
  <cols>4</cols>
  <dt>d</dt>
  <data>
    8.5873744045149272e+02 0. 7.4378263950347900e+02
    -3.7705679287755761e+03 0. 8.5873744045149272e+02
    2.9679298591613770e+02 0. 0. 0. 1. 0.</data></P2>
</opencv_storage>
