<?xml version="1.0"?>
<opencv_storage>
<P2 type_id="opencv-matrix">
  <rows>3</rows>
  <cols>4</cols>
  <dt>d</dt>
  <data>
    8.5873751623865758e+02 0. 7.4378245162963867e+02
    -4.2847368832904840e+03 0. 8.5873751623865758e+02
    2.9679279518127441e+02 0. 0. 0. 1. 0.</data></P2>
</opencv_storage>
