<?xml version="1.0"?>
<opencv_storage>
<P2 type_id="opencv-matrix">
  <rows>3</rows>
  <cols>4</cols>
  <dt>d</dt>
  <data>
    6.9400677045148677e+02 0. 4.0020038223266602e+02
    2.6325801311548066e+03 0. 6.9400677045148677e+02
    2.9177497673034668e+02 0. 0. 0. 1. 0.</data></P2>
</opencv_storage>
