<?xml version="1.0"?>
<opencv_storage>
<Q type_id="opencv-matrix">
  <rows>4</rows>
  <cols>4</cols>
  <dt>d</dt>
  <data>
    1. 0. 0. -7.8082663154602051e+02 0. 1. 0. -2.9679298591613770e+02 0.
    0. 0. 8.5873744045149272e+02 0. 0. 2.2774750559403187e-01
    -8.4366767849339936e+00</data></Q>
</opencv_storage>
