<?xml version="1.0"?>
<opencv_storage>
<Q type_id="opencv-matrix">
  <rows>4</rows>
  <cols>4</cols>
  <dt>d</dt>
  <data>
    1. 0. 0. -3.8065670394897461e+02 0. 1. 0. -2.9177497673034668e+02 0.
    0. 0. 6.9400677045148677e+02 0. 0. -2.6362227771849589e-01
    -5.1521489841442323e+00</data></Q>
</opencv_storage>
