<?xml version="1.0"?>
<opencv_storage>
<Q type_id="opencv-matrix">
  <rows>4</rows>
  <cols>4</cols>
  <dt>d</dt>
  <data>
    1. 0. 0. -7.8082678413391113e+02 0. 1. 0. -2.9679279518127441e+02 0.
    0. 0. 8.5873751623865758e+02 0. 0. 2.0041779451791822e-01
    -7.4243434198947167e+00</data></Q>
</opencv_storage>
