<?xml version="1.0"?>
<opencv_storage>
<R1 type_id="opencv-matrix">
  <rows>3</rows>
  <cols>3</cols>
  <dt>d</dt>
  <data>
    8.9157872854023734e-01 -3.1871961134201793e-02
    -4.5174279065418821e-01 5.8040404493353542e-02
    9.9733592226678958e-01 4.4185626650530677e-02 4.4913103016917205e-01
    -6.5614299125359182e-02 8.9105335501835470e-01</data></R1>
</opencv_storage>
