<?xml version="1.0"?>
<opencv_storage>
<R1 type_id="opencv-matrix">
  <rows>3</rows>
  <cols>3</cols>
  <dt>d</dt>
  <data>
    9.9636583241572918e-01 -3.9360329946704548e-02
    -7.5537357784063786e-02 3.9482838219270788e-02
    9.9922024046416480e-01 1.2858027695497598e-04 7.5473395846894262e-02
    -3.1105422715798489e-03 9.9714296419626547e-01</data></R1>
</opencv_storage>
