<?xml version="1.0"?>
<opencv_storage>
<R1 type_id="opencv-matrix">
  <rows>3</rows>
  <cols>3</cols>
  <dt>d</dt>
  <data>
    8.9157880632792397e-01 -3.1871947007663021e-02
    -4.5174263812575305e-01 5.8040390011467248e-02
    9.9733592188919151e-01 4.4185654196280642e-02 4.4913087762276060e-01
    -6.5614311726766142e-02 8.9105343098067447e-01</data></R1>
</opencv_storage>
