<?xml version="1.0"?>
<opencv_storage>
<R2 type_id="opencv-matrix">
  <rows>3</rows>
  <cols>3</cols>
  <dt>d</dt>
  <data>
    9.0390751542825287e-01 -6.0838461430968258e-02
    -4.2337912698081293e-01 3.6240410474273496e-02
    9.9716674154271556e-01 -6.5917540986745377e-02
    4.2618990626360331e-01 4.4239927348444813e-02 9.0355132263044424e-01</data></R2>
</opencv_storage>
