<?xml version="1.0"?>
<opencv_storage>
<R2 type_id="opencv-matrix">
  <rows>3</rows>
  <cols>3</cols>
  <dt>d</dt>
  <data>
    9.0390759049503400e-01 -6.0838444816776360e-02
    -4.2337896910184142e-01 3.6240394986020934e-02
    9.9716674130851557e-01 -6.5917553044792812e-02
    4.2618974837121448e-01 4.4239955475022186e-02 9.0355139572846044e-01</data></R2>
</opencv_storage>
