<?xml version="1.0"?>
<opencv_storage>
<R2 type_id="opencv-matrix">
  <rows>3</rows>
  <cols>3</cols>
  <dt>d</dt>
  <data>
    9.9198891181776361e-01 -4.3452698489531878e-02
    -1.1861644837284274e-01 4.3259973530602167e-02
    9.9905501966872323e-01 -4.2002815213706534e-03
    1.1868687172868375e-01 -9.6471172119047413e-04
    9.9293126439374135e-01</data></R2>
</opencv_storage>
